HMMER2.0
NAME  rrm
DESC  
LENG  72
ALPH  Amino
RF    no
CS    no
MAP   yes
COM   ../src/hmmbuild -F rrm.hmm rrm.slx
COM   ../src/hmmcalibrate rrm.hmm
NSEQ  70
DATE  Wed Jul  8 08:13:25 1998
CKSUM 2768
XT      -8455     -4  -1000  -1000  -8455     -4  -8455     -4 
NULT      -4  -8455
NULE     595  -1558     85    338   -294    453  -1158    197    249    902  -1085   -142    -21   -313     45    531    201    384  -1998   -644 
EVD   -53.840649   0.214434
HMM        A      C      D      E      F      G      H      I      K      L      M      N      P      Q      R      S      T      V      W      Y    
         m->m   m->i   m->d   i->m   i->i   d->m   d->d   b->m   m->e
          -21      *  -6129
     1  -1234   -371  -8214  -7849  -5304  -8003  -7706   2384  -7769   2261   -681  -7660  -7694  -7521  -7816  -7346  -5543   1527  -6974  -6639     1
     -   -149   -500    233     43   -381    399    106   -626    210   -466   -720    275    394     45     96    359    117   -369   -294   -249 
     -    -11 -11284 -12326   -894  -1115   -701  -1378    -21      * 
     2  -3634  -3460  -5973  -5340   3521  -2129  -4036   -831  -2054  -1257  -2663  -4822  -5229  -4557  -4735  -1979  -1569  -1476  -3893   3439     2
     -   -149   -500    233     43   -381    399    106   -626    210   -466   -720    275    394     45     96    359    117   -369   -294   -249 
     -    -11 -11284 -12326   -894  -1115   -701  -1378      *      * 
     3  -5570    838  -8268  -7958  -5637  -8152  -8243   2427  -7947   -461   -539  -7805  -7843  -7878  -8124  -7550  -5559   3130  -7481  -7000     3
     -   -149   -500    233     43   -381    399    106   -626    210   -466   -720    275    394     45     96    359    117   -369   -294   -249 
     -    -11 -11284 -12326   -894  -1115   -701  -1378      *      * 
     4  -1146  -4797  -1564  -2630  -1480   2769  -2963  -1850    992  -4812  -3887    737  -4397   -120    793   -205  -1019  -4418  -4981  -1059     4
     -   -149   -500    233     43   -381    399    106   -626    210   -466   -720    275    394     45     96    359    117   -369   -294   -249 
     -    -11 -11284 -12326   -894  -1115   -701  -1378      *      * 
     5  -5242  -7035    445  -3538  -7284   1773  -4583  -7166  -4676  -7046  -6312   3633  -1651  -1262   -849  -1278  -5287  -6650  -7228   -291     5
     -   -149   -500    233     43   -381    399    106   -626    210   -466   -720    275    394     45     96    359    117   -369   -294   -249 
     -    -11 -11284 -12326   -894  -1115   -701  -1378      *      * 
     6  -6898  -6238  -9292  -8703   -410  -9176  -7772    820  -8535   3071   -753  -8917  -8033  -7171  -7955  -8614  -6722      5  -6136  -6414     6
     -   -149   -500    233     43   -381    399    106   -626    210   -466   -720    278    394     45     96    359    117   -369   -294   -249 
     -    -33  -6025 -12326   -153  -3315   -701  -1378      *      * 
     7     -5  -5297    178  -2982  -5685  -2278   -528  -5452  -1615  -5394  -4488   1396   3136  -3022  -3659    780    976  -4981  -5565  -4854     8
     -   -149   -500    233     43   -381    399    106   -626    210   -466   -720    275    394     45     96    359    117   -369   -294   -249 
     -    -11 -11284 -12327   -894  -1115   -701  -1378      *      * 
     8  -3329  -4799   -805    543    789  -4303    572  -4868    140  -1087  -3888   -603   1691    530    183   -162    293  -2124   2317   2037     9
     -   -149   -500    233     43   -381    399    106   -626    210   -466   -720    275    394     45     96    359    117   -369   -294   -249 
     -    -12 -11284 -12327   -894  -1115   -701  -1378      *      * 
     9   -373  -4801   2182   1353  -1426     44   -407  -1928   -366  -4817  -3891   1263  -4395  -1080   -666    295     50  -1947  -4985    397    10
     -   -149   -500    233     43   -381    399    106   -626    210   -466   -720    275    394     45     96    359    117   -369   -294   -249 
     -    -12 -11285 -12327   -894  -1115   -701  -1378      *      * 
    10    450   1883  -5953  -5317  -1256  -1301  -4027   1322  -1847   -283   1542  -4802  -5206  -1502  -4713  -4241   2143   1615  -3893  -3551    11
     -   -149   -500    233     43   -381    399    106   -626    210   -466   -720    275    394     45     96    359    117   -369   -294   -249 
     -    -12 -11285 -12327   -894  -1115   -701  -1378      *      * 
    11  -1786  -4835   1027   -807  -5155  -1278  -2989  -4907   -410  -4850  -3924    957  -4421   -943   -250    670   3048  -4456  -5017  -4333    12
     -   -149   -500    233     43   -381    399    106   -626    210   -466   -720    275    394     45     96    359    117   -369   -294   -249 
     -    -12 -11285 -12327   -894  -1115   -701  -1378      *      * 
    12  -3329  -4802   1324   2670  -5123  -4302  -2961  -4874    732  -2424  -3891   -457   -262    553    250   -694   -989  -4424   1772  -1014    13
     -   -149   -500    233     43   -381    399    106   -626    210   -466   -720    275    394     45     96    359    117   -369   -294   -249 
     -    -12 -11285 -12327   -894  -1115   -701  -1378      *      * 
    13   -325  -4802   1515   2286  -5123  -2017    868  -4874    260  -2865  -1087  -2938  -4395   2006   -810    492  -1754  -4424  -4985  -4302    14
     -   -149   -500    233     43   -381    399    106   -626    210   -466   -720    275    394     45     96    359    117   -369   -294   -249 
     -    -12 -11285 -12327   -894  -1115   -701  -1378      *      * 
    14   -337  -4801   2075   1854  -5121   -723   -567  -1924     73   -634   -194  -1227  -4396   1588  -3049   -212   -414  -4422     -5  -4302    15
     -   -149   -500    233     43   -381    399    106   -626    210   -466   -720    275    394     45     96    359    117   -369   -294   -249 
     -    -12 -11285 -12327   -894  -1115   -701  -1378      *      * 
    15  -6843  -6192  -9252  -8675   -481  -9132  -7773   1557  -8511   2856    467  -8869  -8024  -7180  -7953  -8566  -6676    459  -6154  -6421    16
     -   -149   -500    233     43   -381    399    106   -626    210   -466   -720    275    394     45     96    359    117   -369   -294   -249 
     -    -12 -11285 -12327   -894  -1115   -701  -1378      *      * 
    16      5  -4654  -1525    936    444  -4347  -3013  -1809   2193   -441  -3760   -441  -4438  -2577   1775    -91  -3285  -1104    180   -259    17
     -   -149   -500    233     43   -381    399    106   -626    210   -466   -720    275    394     45     96    359    117   -369   -294   -249 
     -    -12 -11285 -12327   -894  -1115   -701  -1378      *      * 
    17    -97  -4802   2341   1548  -5123  -2042  -2961  -4874   -347  -2479   -194     -5   -726   1566    807  -1858     42  -4424  -4985  -4302    18
     -   -146   -501    232     42   -381    398    105   -627    210   -463   -721    275    393     44     95    361    116   -370   -295   -242 
     -    -45  -5457 -12327  -1928   -440   -701  -1378      *      * 
    18    358  -3435  -5945  -1175   1490  -5154   1309   1157  -1944   1759   -387  -4797  -5204  -4530  -1684  -4238   -376    166  -3893   1330    23
     -   -149   -500    233     43   -381    399    106   -626    210   -466   -720    275    394     45     96    359    117   -369   -294   -249 
     -    -12 -11285 -12327   -894  -1115   -701  -1378      *      * 
    19  -2191    733  -7910  -7364   4360  -7323  -5649  -1557  -7016   -750   -407  -6877  -7039  -6263  -6681  -6482  -5572  -4211  -4950  -1019    24
     -   -149   -500    233     43   -381    399    106   -626    210   -466   -720    275    394     45     96    359    117   -369   -294   -249 
     -    -12 -11285 -12328   -894  -1115   -701  -1378      *      * 
    20    -83  -4801  -3176    698  -5121   1566  -2961  -1977    942  -4817  -3890   -239  -4396    582    256   1807   -874  -1745  -4984  -1334    25
     -   -149   -500    233     43   -381    399    106   -626    210   -466   -720    275    394     45     96    359    117   -369   -294   -249 
     -    -13 -11286 -12328   -894  -1115   -701  -1378      *      * 
    21  -1216  -4802   -289   1083  -1452   -655   -584  -4874   1345  -4818  -3891    964   1488   2130  -3049   -310    107  -2012  -4985  -1334    26
     -   -149   -500    233     43   -381    399    106   -626    210   -466   -720    275    394     45     96    359    117   -369   -294   -249 
     -    -13 -11286 -12328   -894  -1115   -701  -1378      *      * 
    22    -45   1344  -1667   -843   2933  -2146    400    582  -4479  -1948  -2709   -506  -5117   -436  -1764  -4119  -3523    -96    215   2616    27
     -   -149   -500    233     43   -381    399    106   -626    210   -466   -720    275    394     45     96    359    117   -369   -294   -249 
     -    -13 -11286 -12328   -894  -1115   -701  -1378      *      * 
    23   -556  -4294  -4426  -1796   -273   3377  -4149  -4100  -4273  -2279  -3695   -562    298  -4067  -4575  -1940  -3954  -3921  -4866    -77    28
     -   -149   -500    233     43   -381    399    106   -626    210   -466   -720    275    394     45     96    359    117   -369   -294   -249 
     -    -13 -11286 -12328   -894  -1115   -701  -1378      *      * 
    24   -376  -4801   -143   1004  -1426    805    279  -1771    821  -1486  -3890   -527   2002    126     45   -287  -1679   -617  -4985  -4302    29
     -   -149   -500    233     43   -381    399    106   -626    210   -466   -720    275    394     45     96    359    117   -369   -294   -249 
     -    -13 -11286 -12328   -894  -1115   -701  -1378      *      * 
    25  -3608   -178  -1585  -1970    660  -5154  -4024   2773   -894   -985   -386  -4796  -1707  -4528  -4707   -609  -1823   2145  -3893  -1100    30
     -   -149   -500    233     43   -381    399    106   -626    210   -466   -720    275    394     45     96    359    117   -369   -294   -249 
     -    -13 -11286 -12328   -894  -1115   -701  -1378      *      * 
    26   -673   -173  -3429   1042  -4598  -2161  -3110    535   1570      9    283   -508  -4517   -255    382  -1924    313   1407  -4706  -4127    31
     -   -149   -500    233     43   -381    399    106   -626    210   -466   -720    275    394     45     96    359    117   -369   -294   -249 
     -    -13 -11286 -12328   -894  -1115   -701  -1378      *      * 
    27  -1211  -4799   1518    768  -5119  -1218   -441   -945  -1312  -2414   -587    909  -4396  -1010    534   1815     78   -487  -4983   -128    32
     -   -149   -500    233     43   -381    399    106   -626    210   -466   -720    275    394     45     96    359    117   -369   -294   -249 
     -    -13 -11286 -12328   -894  -1115   -701  -1378      *      * 
    28   1271   2236  -5933  -5299    810  -2278   -651   1901  -1970   -221  -2639  -1497  -5203  -4524   -629   -638  -1577   1521  -3894  -1008    33
     -   -149   -500    233     43   -381    399    106   -626    210   -466   -720    275    394     45     96    359    117   -369   -294   -249 
     -    -13 -11286 -12328   -894  -1115   -701  -1378      *      * 
    29  -1909  -4796    153    441  -1513  -4304   -599  -1894   1709     25  -3886    689  -1498    243   1438   -189   -879    380   -126   -255    34
     -   -149   -500    233     43   -381    399    106   -626    210   -466   -720    275    394     45     96    359    117   -369   -294   -249 
     -    -13 -11286 -12329   -894  -1115   -701  -1378      *      * 
    30  -1277  -3441  -5893  -1776  -1155  -5147   -513   1829  -1993   1189   1888  -1484   -703  -4503  -1652  -1974  -3546   2209  -3898  -3554    35
     -   -149   -500    233     43   -381    399    106   -626    210   -466   -720    275    394     45     96    359    117   -369   -294   -249 
     -    -14 -11287 -12329   -894  -1115   -701  -1378      *      * 
    31  -1299    746  -5893  -1992  -1190  -5147   -524   1691    424    -60   2330  -4774    111  -4503   -132    248  -1571   1419  -3898    -19    36
     -   -149   -500    233     43   -381    399    106   -626    210   -466   -720    275    394     45     96    359    117   -369   -294   -249 
     -    -14 -11287 -12329   -894  -1115   -701  -1378      *      * 
    32  -3370  -4477  -3387     50   -560  -1979   -449    -51   1375   -681    233   1068    701  -1040   1343  -1845    543   -480    -10   1246    37
     -   -149   -500    233     43   -381    399    106   -626    210   -466   -720    275    394     45     96    359    117   -369   -294   -249 
     -   -240 -11287  -2797   -894  -1115   -701  -1378      *      * 
    33  -3122  -4595   3395   -593  -4916  -1399    589  -1433    360  -4611   -290    780  -1313     35  -1369  -1782  -3061  -1712  -4778  -4095    38
     -   -151   -504    236     42   -380    396    122   -618    211   -468   -714    274    392     45     98    355    123   -373   -299   -248 
     -   -841  -2976  -1709  -1966   -426  -3668   -118      *      * 
    34   -452  -4116   -568   -735  -4435  -1350  -2280  -1270   1458  -4131    792  -2257   1620    415   1996    479   -765  -1327  -4300   -538    48
     -   -149   -500    233     43   -381    399    106   -626    210   -466   -720    275    394     45     96    359    117   -369   -294   -249 
     -    -15 -10529 -11571   -894  -1115  -1180   -840      *      * 
    35    272  -4448  -1054   1495  -1086   -283  -2616   -726    380  -1231  -3538   1286  -4050   1395   -988    154     68     50  -4633   -876    49
     -   -149   -500    233     43   -381    399    106   -626    210   -466   -720    275    394     45     96    359    117   -369   -294   -249 
     -    -14 -10906 -11948   -894  -1115  -2229   -346      *      * 
    36  -3050  -4521    457  -2349  -4841  -1681     65  -1545    404  -2305  -3610    996  -1241   -714  -1055   -351   3167  -4143  -4705  -4022    50
     -   -149   -500    233     43   -381    399    106   -626    210   -466   -720    275    394     45     96    359    117   -369   -294   -249 
     -    -14 -10981 -12024   -894  -1115  -2036   -403      *      * 
    37   -943  -4583    277   -486  -4904   2690   -181  -1421    829  -2551   -758    866  -4177   -751     11   -804  -1361  -4205  -4766  -4084    51
     -   -149   -500    233     43   -381    399    106   -626    210   -466   -720    275    394     45     96    359    117   -369   -294   -249 
     -    -15 -11049 -12091   -894  -1115  -2632   -254      *      * 
    38  -1544  -4606  -1206   -627  -1238  -1111   -220  -4677   1841  -1463   -537   -311    146   1310   2236    252  -1424  -1820  -4789  -1025    52
     -   -149   -500    233     43   -381    399    106   -626    210   -466   -720    275    394     45     96    359    117   -369   -294   -249 
     -    -15 -11074 -12116   -894  -1115  -1795   -490      *      * 
    39   -871    902  -3255  -2704  -1212  -2110    605  -4156   -647  -1293    101    192   1442  -2552     91   2587   -171  -3858  -4584  -3996    53
     -   -149   -500    233     43   -381    399    106   -626    210   -466   -720    275    394     45     96    359    117   -369   -294   -249 
     -    -15 -11128 -12170   -894  -1115  -1064   -938      *      * 
    40  -3251  -4717   -597  -2552  -1539  -1882     45  -4784   2499  -1083  -3807  -1125   -312   -892   2672  -1497   -649  -1932  -4902  -1040    54
     -   -149   -500    233     43   -381    399    106   -626    210   -466   -720    275    394     45     96    359    117   -369   -294   -249 
     -    -15 -11202 -12244   -894  -1115   -158  -3269      *      * 
    41  -4425  -5751  -1160  -3492  -6118   3496   -552  -1896  -1318  -2596  -4883   -434   -258  -3375   -548  -4283  -4348  -5409  -5833  -5262    55
     -   -149   -500    233     43   -381    399    106   -626    210   -466   -720    275    394     45     96    359    117   -369   -294   -249 
     -    -15 -11288 -12330   -894  -1115   -701  -1378      *      * 
    42  -3608    -96  -1795  -5308   3204  -5154    498  -1086   -989  -1857   1406  -4797  -5204   -807  -4709  -4238   -268   -366    187   3035    56
     -   -149   -500    233     43   -381    399    106   -626    210   -466   -720    275    394     45     96    359    117   -369   -294   -249 
     -    -15 -11288 -12330   -894  -1115   -701  -1378      *      * 
    43   2573   2359  -7700  -8052  -7623   2634  -6965  -7447  -7655  -7712  -6731  -6019  -5985  -7072  -7238  -2014  -4755  -2203  -7845  -7842    57
     -   -149   -500    233     43   -381    399    106   -626    210   -466   -720    275    394     45     96    359    117   -369   -294   -249 
     -    -15 -11288 -12330   -894  -1115   -701  -1378      *      * 
    44  -1896  -3552  -6072  -5447   4093  -5277  -4115  -1389  -5044  -1849  -2748  -4920  -5327  -4660  -4842  -2020   -787   -772  -3948   1996    58
     -   -149   -500    233     43   -381    399    106   -626    210   -466   -720    275    394     45     96    359    117   -369   -294   -249 
     -    -15 -11288 -12330   -894  -1115   -701  -1378      *      * 
    45  -2123   1258  -8228  -7927  -5768  -8106  -8270   1951  -7921   -982  -4434  -7761  -7830  -7926  -8131  -7503  -5516   3355  -7605  -7039    59
     -   -149   -500    233     43   -381    399    106   -626    210   -466   -720    275    394     45     96    359    117   -369   -294   -249 
     -    -16 -11288 -12331   -894  -1115   -701  -1378      *      * 
    46  -1158  -4801    136   2359  -5122  -4302   -508   -644    437  -2559  -3890    628  -4395   -213    172     18   1464  -2067  -4985  -1086    60
     -   -149   -500    233     43   -381    399    106   -626    210   -466   -720    275    394     45     96    359    117   -369   -294   -249 
     -    -16 -11289 -12331   -894  -1115   -701  -1378      *      * 
    47  -7925  -6836  -8294  -8655   4067  -8176  -4357  -6786  -8211  -6080    795  -6785  -8028  -6925  -7569  -7427  -7774  -6956  -3603   3066    61
     -   -149   -500    233     43   -381    399    106   -626    210   -466   -720    275    394     45     96    359    117   -369   -294   -249 
     -    -16 -11289 -12331   -894  -1115   -701  -1378      *      * 
    48   -633  -4801    851   2019  -1639  -2148    879  -1118   1178  -2414  -3891   -481    -71    241  -1485   -232    744   -569  -4985  -4302    62
     -   -149   -500    233     43   -381    399    106   -626    210   -466   -720    275    394     45     96    359    117   -369   -294   -249 
     -    -16 -11289 -12331   -894  -1115   -701  -1378      *      * 
    49  -3331  -4805   2054    434  -5126  -1882   -432  -4877    377  -4821  -3894   2009  -4398   -269  -1336   1291   1198  -1970  -4988  -4305    63
     -   -149   -500    233     43   -381    399    106   -626    210   -466   -720    275    394     45     96    359    117   -369   -294   -249 
     -    -16 -11289 -12331   -894  -1115   -701  -1378      *      * 
    50   -638  -4800  -1786   1796  -5120  -1884   1628  -1952    812   -444   -621  -1191   1228    530   -672      8   -873     45  -4983   -276    64
     -   -149   -500    232     43   -381    398    105   -627    210   -466   -721    277    393     45     95    359    119   -370   -295   -239 
     -    -38  -6076 -12331  -1893   -453   -701  -1378      *      * 
    51    243  -4801   1218   2315  -5122  -1551   -485  -1640   -795  -2479   -783   -420   -685  -1027   1035    415  -3268   -631    -23  -4302    69
     -   -149   -500    233     43   -381    399    106   -626    210   -466   -720    275    394     45     96    359    117   -369   -294   -249 
     -    -16 -11289 -12332   -894  -1115   -701  -1378      *      * 
    52    415    694   2467   1155  -1401  -4334   -490  -1800  -2599  -4689   -637   -384  -1759    -12  -3098   1144   -834   -569  -4907   -271    70
     -   -149   -500    233     43   -381    399    106   -626    210   -466   -720    275    394     45     96    359    117   -369   -294   -249 
     -    -17 -11290 -12332   -894  -1115   -701  -1378      *      * 
    53   2846  -3442  -1698  -5254   -979  -5146  -4014   -750  -4864   -773   1875  -4771  -5197  -1456  -1779   -127   -329    428  -3898  -3555    71
     -   -149   -500    233     43   -381    399    106   -626    210   -466   -720    275    394     45     96    359    117   -369   -294   -249 
     -    -17 -11290 -12332   -894  -1115   -701  -1378      *      * 
    54    581  -4801   1239   1462  -5122  -1606   -432   -367   1251  -1623  -3891    335  -4395   1283   -110  -3209    753  -1920  -4985  -4302    72
     -   -149   -500    233     43   -381    399    106   -626    210   -466   -720    275    394     45     96    359    117   -369   -294   -249 
     -    -17 -11290 -12332   -894  -1115   -701  -1378      *      * 
    55    686  -4798    937    304  -1378  -4303   -437  -1924   2219  -1669   -621    828  -4396  -1012    742      0  -1608  -1126  -4982  -1015    73
     -   -149   -500    233     43   -381    399    106   -626    210   -466   -720    275    394     45     96    359    117   -369   -294   -249 
     -    -17 -11290 -12332   -894  -1115   -701  -1378      *      * 
    56   3420    863  -7680  -7410  -5526  -6323  -6681    -57  -7168  -2455  -4425  -6591  -6708  -6875  -7058  -2256  -4981     -4  -6573  -6193    74
     -   -149   -500    233     43   -381    399    106   -626    210   -466   -720    275    394     45     96    359    117   -369   -294   -249 
     -    -17 -11290 -12332   -894  -1115   -701  -1378      *      * 
    57  -2038  -3436  -5943  -5308  -1145  -5154  -4025   2255    423   1498   1203  -4797  -1707   -478  -1267  -2117  -3548   1450  -3893   -931    75
     -   -149   -500    233     43   -381    399    106   -626    210   -466   -720    275    394     45     96    359    117   -369   -294   -249 
     -    -18 -11291 -12333   -894  -1115   -701  -1378      *      * 
    58    622  -4802   1764   1486  -5123  -4302  -2961  -1060    334  -4818  -3891   -420  -4396   1293   1148    487  -3268  -1087  -4985   -429    76
     -   -149   -500    233     43   -381    399    106   -626    210   -466   -720    275    394     45     96    359    117   -369   -294   -249 
     -   -102 -11291  -4156   -894  -1115   -701  -1378      *      * 
    59   1265   -231  -1498   1351  -5045   -262   -355  -4796    922  -1073  -3813    778  -4318    877    -34     53    386  -2030    289  -4225    77
     -   -149   -500    233     43   -381    399    106   -626    210   -466   -720    275    394     45     96    359    117   -369   -294   -249 
     -    -18 -11207 -12249   -894  -1115   -160  -3250      *      * 
    60   -684    813  -5723   -473    532  -2124  -3981  -2958   -121   2114   2840  -1421  -5174  -4409   -926  -4196  -1685   -376  -3915    497    78
     -   -149   -500    233     43   -381    399    106   -626    210   -466   -720    275    394     45     96    359    117   -369   -294   -249 
     -    -18 -11291 -12333   -894  -1115   -701  -1378      *      * 
    61  -1812  -4803   1626   -749   -515  -1133   -415  -4875  -1294  -4819  -3892   3181   -793   1470  -1377   -246  -3268  -4425  -4986   -193    79
     -   -149   -500    233     43   -381    399    106   -626    210   -466   -720    275    394     45     96    359    117   -369   -294   -249 
     -    -18 -11291 -12333   -894  -1115   -701  -1378      *      * 
    62  -1812  -4808  -1465     33  -1509   2998   1583  -4879    122  -4823  -3897    972  -4400  -1078  -3055  -1613   -682  -4429  -4991  -1114    80
     -   -149   -500    232     43   -378    398    105   -627    212   -466   -721    275    393     45     98    359    117   -367   -295   -250 
     -    -98  -4229 -12334    -49  -4901   -701  -1378      *      * 
    63   -676  -4701   -742  -1422    825   -589   -545    255   1702  -2571    812  -2986  -4424    796    418   -221   1302  -1179  -4912   1028    82
     -   -149   -500    233     43   -381    399    106   -626    210   -466   -720    275    394     45     96    359    117   -369   -294   -249 
     -    -19 -11292 -12334   -894  -1115   -701  -1378      *      * 
    64  -3341  -4695    350   1378  -1551  -1973  -2998    477   1265     78    273  -1163     21    504  -1507  -1108    282    114    -19    473    83
     -   -149   -500    233     43   -381    399    106   -626    210   -466   -720    275    394     45     96    359    117   -369   -294   -249 
     -    -19 -11292 -12334   -894  -1115   -701  -1378      *      * 
    65  -3605  -3444   -949  -2090   2356  -1177  -4010   1410  -1703   1341   -404  -1673   -747  -4487  -4679  -2139  -1048   1197  -3900    411    84
     -   -149   -500    233     43   -381    399    106   -626    210   -466   -720    275    394     45     96    359    117   -369   -294   -249 
     -    -19 -11292 -12334   -894  -1115   -701  -1378      *      * 
    66   -655   -539   1179    279  -1324   1202  -2962  -1895    147   -682   1298   1427  -2056    608    756  -1119  -1893  -4419  -4982    140    85
     -   -149   -500    233     43   -381    399    106   -626    210   -466   -720    275    394     45     96    359    117   -369   -294   -249 
     -    -19 -11292 -12335   -894  -1115   -701  -1378      *      * 
    67  -1814  -4814    166  -2636  -5135   2921   -568  -4885  -1333  -2415  -3903   1495  -4406   -312   -619    602  -1672  -4436  -4997  -4314    86
     -   -149   -500    233     43   -381    399    106   -626    210   -466   -720    275    394     45     96    359    117   -369   -294   -249 
     -    -20 -11293 -12335   -894  -1115   -701  -1378      *      * 
    68  -3329   1217   -624   -797  -1594  -4303   1580  -4872   2069  -2414  -3890    617  -4396    283   2449   -560   -267  -2067  -4984  -1334    87
     -   -149   -500    233     43   -381    399    106   -626    210   -466   -720    275    394     45     96    359    117   -369   -294   -249 
     -    -20 -11293 -12335   -894  -1115   -701  -1378      *      * 
    69    108    566  -1460    747  -1608  -4306  -2965    -30   1407  -2607  -3878    346   1033   -336    863  -1038    745    617  -4975  -4296    88
     -   -149   -500    233     43   -381    399    106   -626    210   -466   -720    275    394     45     96    359    117   -369   -294   -249 
     -    -20 -11293 -12335   -894  -1115   -701  -1378      *      * 
    70  -1318  -3465   -283   -172  -3423  -2053  -3974   1957  -4721   1761   1425  -4678  -1762  -4391  -1578  -1974  -1561   1341  -3918  -3570    89
     -   -149   -500    233     43   -381    399    106   -626    210   -466   -720    275    394     45     96    359    117   -369   -294   -249 
     -    -20 -11293 -12336   -894  -1115   -701  -1378      *      * 
    71  -1165  -4790   -240   -275  -5105  -4306   1035  -2009   1665   -395    707  -1334   -218   -188   1891  -1077   -383    404    110    348    90
     -   -149   -500    233     43   -381    398    106   -626    210   -464   -720    275    394     45     96    359    117   -369   -294   -249 
     -    -43  -6001 -12336   -150  -3342   -701  -1378      *      * 
    72  -1929   1218  -1535  -1647  -3990  -4677  -3410   1725    207  -1481  -3117  -3608   -810  -1118   -743  -1942    428   2687  -4325  -3869    92
     -      *      *      *      *      *      *      *      *      *      *      *      *      *      *      *      *      *      *      *      * 
     -      *      *      *      *      *      *      *      *      0 
//
HMMER2.0
NAME  efhand
ACC   PF00036
DESC  EF hand
LENG  29
ALPH  Amino
RF    no
CS    no
MAP   yes
COM   hmmbuild -F HMM.ann SEED.ann
COM   hmmcalibrate --seed 0 HMM.ann
NSEQ  979
DATE  Thu Jul  6 16:56:46 2000
CKSUM 8431
GA    11.5 1.0
TC    11.6 1.0
NC    11.4 11.4
XT      -8455     -4  -1000  -1000  -8455     -4  -8455     -4 
NULT      -4  -8455
NULE     595  -1558     85    338   -294    453  -1158    197    249    902  -1085   -142    -21   -313     45    531    201    384  -1998   -644 
EVD   -22.805262   0.278901
HMM        A      C      D      E      F      G      H      I      K      L      M      N      P      Q      R      S      T      V      W      Y    
         m->m   m->i   m->d   i->m   i->i   d->m   d->d   b->m   m->e
           -3      *  -8936
     1   -957  -2061   1009   2170   -600   -906    -91   -377    343  -1093    198   -920  -3365    447    224  -1240   -154   -452  -2976  -1036     1
     -   -149   -500    233     43   -381    399    106   -626    210   -466   -720    275    394     45     96    359    117   -369   -294   -249 
     -      0 -14102 -15144   -894  -1115   -701  -1378     -3      * 
     2    192    837  -4824  -5286   1066  -4357  -2039   1609  -3677   1738    543  -7388  -4003  -4538  -2716  -2446   -943   1209   1116   -287     2
     -   -149   -500    233     43   -381    399    106   -626    210   -466   -720    275    394     45     96    359    117   -369   -294   -249 
     -      0 -14102 -15144   -894  -1115   -701  -1378      *      * 
     3   -848  -4002   1281    872  -1418  -1970   -238  -1091   1779  -1084    -10     53  -2877    976   1329   -978  -1264  -1459  -1751  -1411     3
     -   -149   -500    233     43   -381    399    106   -626    210   -466   -720    275    394     45     96    359    117   -369   -294   -249 
     -      0 -14112 -15154   -894  -1115   -701  -1378      *      * 
     4    185  -2853    732   1832   -881  -2035   -627  -1659   1271  -2085   -458    339  -3455    848    693   -902   -499  -1432    -62  -1495     4
     -   -149   -500    233     43   -381    399    106   -626    210   -466   -720    275    394     45     96    359    117   -369   -294   -249 
     -      0 -14114 -15156   -894  -1115   -701  -1378      *      * 
     5   1438   -633  -3744  -2450    132  -2756  -3786   1785  -3818    476   2677  -4758  -5095  -1367  -1806  -1821   -647    784    502  -1780     5
     -   -149   -500    233     43   -381    399    106   -626    210   -466   -720    275    394     45     96    359    117   -369   -294   -249 
     -      0 -14125 -15167   -894  -1115   -701  -1378      *      * 
     6  -2425  -1975  -8734  -8097   3806  -7935  -2823   1360  -5047    -51   1810  -4626  -7985  -7315  -3852  -5257  -3884  -1326   1469  -1245     6
     -   -149   -500    233     43   -381    399    106   -626    210   -466   -720    275    394     45     96    359    117   -369   -294   -249 
     -      0 -14126 -15168   -894  -1115   -701  -1378      *      * 
     7    290  -1655    792    707  -3085  -1686   -118  -2231   1545  -1782   -231    649  -5127    968   1515    111  -1035  -1913  -3372  -2835     7
     -   -149   -500    233     43   -381    399    106   -626    210   -466   -720    275    394     45     96    359    117   -369   -294   -249 
     -      0 -14128 -15170   -894  -1115   -701  -1378      *      * 
     8   -158  -1472    313   1539   -847  -2568    772    322    643    430   1481  -1043  -7172    -51   -287  -1318  -1027    169  -7684  -1202     8
     -   -149   -500    233     43   -381    399    106   -626    210   -466   -720    275    394     45     96    359    117   -369   -294   -249 
     -      0 -14128 -15170   -894  -1115   -701  -1378      *      * 
     9    485   -535  -8735  -4364   2669  -1576  -1122   1063  -3920    563   1338  -3023  -7987  -3080  -5245  -2501  -2107    859  -3021   1751     9
     -   -149   -500    233     43   -381    399    106   -626    210   -466   -720    275    394     45     96    359    117   -369   -294   -249 
     -     -2 -14128  -9614   -894  -1115   -701  -1378      *      * 
    10  -5324 -10794   4208  -3792 -10874  -4478  -3713 -10897  -8295 -10711 -10191  -4648  -4057  -4459  -9376  -5686  -8764 -10319 -10921  -9732    10
     -   -149   -500    233     43   -381    399    106   -626    210   -466   -720    275    394     45     96    359    117   -369   -294   -249 
     -     -4 -14126  -8458   -894  -1115   -454  -1889      *      * 
    11     53  -1266  -1978   -358  -1578  -2421  -2124   -268   1908   -268   -958  -1502   -874    210    854   -437   1156    418  -2236  -2414    11
     -   -149   -500    233     43   -381    399    106   -626    210   -466   -720    275    394     45     96    359    117   -369   -294   -249 
     -      0 -14124 -15166   -894  -1115   -316  -2347      *      * 
    12  -4633  -4048   3390   -951  -7999  -3022  -3942  -7752  -1434  -7695  -6772   2779  -3965  -1978  -2568  -1433  -2054  -7301  -7862  -7173    12
     -   -149   -500    233     43   -381    399    106   -626    210   -466   -720    275    394     45     96    359    117   -369   -294   -249 
     -      0 -14128 -15170   -894  -1115   -701  -1378      *      * 
    13  -1471  -1361  -1663  -1614  -4604   2472    874  -7627   1560  -3929  -1928   1565  -7149    322    568   -759  -2579  -4473  -7739  -4127    13
     -   -149   -500    233     43   -381    399    106   -626    210   -466   -720    275    394     45     96    359    117   -369   -294   -249 
     -      0 -14128 -15170   -894  -1115   -701  -1378      *      * 
    14  -4423  -7558   3278  -3112  -7879  -4182  -3829  -5749   -665  -4151  -6647   1791  -7151  -1739  -2168   1444   -359  -4475  -7741  -7058    14
     -   -149   -500    233     43   -381    399    106   -626    210   -466   -720    275    394     45     96    359    117   -369   -294   -249 
     -      0 -14128 -15170   -894  -1115   -701  -1378      *      * 
    15  -3765  -3997  -2560  -1860  -4530   3665  -1845  -7620  -2153  -5741  -3445   -741  -7151  -2170  -1761  -2298  -4162  -5128  -3233  -7054    15
     -   -149   -500    233     43   -381    399    106   -626    210   -466   -720    275    394     45     96    359    117   -369   -294   -249 
     -      0 -14128 -15170   -894  -1115   -701  -1378      *      * 
    16  -1242    -88  -2590     86   1405  -3176   -122  -1130   1649   -985   -392  -1747  -5122    844    385   -437    773   -282  -3291   1663    16
     -   -149   -500    233     43   -381    399    106   -626    210   -466   -720    275    394     45     96    359    117   -369   -294   -249 
     -      0 -14128 -15170   -894  -1115   -701  -1378      *      * 
    17  -4630  -2321 -11254 -10912  -2314 -11141 -10973   3359 -10881   1053   -352 -10804 -10710 -10536 -10921 -10546  -8560   1499  -9921  -9694    17
     -   -149   -500    233     43   -381    399    106   -626    210   -466   -720    275    394     45     96    359    117   -369   -294   -249 
     -     -2 -14128  -9560   -894  -1115   -701  -1378      *      * 
    18  -3452  -1409   2303    498  -7875   -690  -1412  -7626  -2845  -4030  -3385   1176  -2454  -1464  -3070   1870   1574  -7176  -7737  -7054    18
     -   -149   -500    233     43   -381    399    106   -626    210   -466   -720    275    394     45     96    359    117   -369   -294   -249 
     -     -1 -14126 -10218   -894  -1115  -1228   -803      *      * 
    19   -219  -1089  -2448   -204   2412  -1930   -976     46    393    120  -1069  -1836   -413   -818    238  -1081  -1253     49   -646   1632    19
     -   -149   -500    233     43   -381    399    106   -626    210   -466   -720    275    394     45     96    359    117   -369   -294   -249 
     -     -2 -14125  -9670   -894  -1115  -1481   -640      *      * 
    20   -516  -3409   1919   2027  -2787  -1156   -384  -4649    389  -2246  -1725    834  -1351    922   -948   -129   -731  -2725  -7734  -1299    20
     -   -149   -500    233     43   -381    399    106   -626    210   -466   -720    275    394     45     96    359    117   -369   -294   -249 
     -     -4 -14124  -8464   -894  -1115  -1788   -493      *      * 
    21  -3187  -4445   1026   3674  -7901  -5082  -2300  -7652  -3209  -7596  -3253  -2276  -7168   -664  -5829  -4144  -2944  -5036  -7764  -1657    21
     -   -149   -500    233     43   -381    399    106   -626    210   -466   -720    275    394     45     96    359    117   -369   -294   -249 
     -     -2 -14119  -9656   -894  -1115  -1787   -494      *      * 
    22  -3839  -1793  -8731  -8095   3478  -7933  -3782   -152  -7689   1774    941  -7579  -7982  -7312  -7489  -5861  -4574   -387   1038    188    22
     -   -149   -500    233     43   -381    399    106   -626    210   -466   -720    275    394     45     96    359    117   -369   -294   -249 
     -     -5 -14119  -8183   -894  -1115   -739  -1319      *      * 
    23   -215   1258  -2260   -388  -1924   -686   -799    333   1306    320    664  -1239  -4013    579   1133   -832   -728    769  -3465  -1333    23
     -   -149   -500    233     43   -381    399    106   -626    210   -466   -720    275    394     45     96    359    117   -369   -294   -249 
     -     -2 -14117  -9602   -894  -1115  -1749   -509      *      * 
    24    742   -508    683    873  -1652  -1154    663  -1692    503   -901   -484    150  -2303    886    512     11    282   -571  -2266  -1060    24
     -   -149   -500    233     43   -381    399    106   -626    210   -466   -720    275    394     45     96    359    117   -369   -294   -249 
     -     -4 -14116  -8462   -894  -1115   -734  -1327      *      * 
    25   1184    363  -2727  -5223   1140    103  -1191   1030  -3354    847   2319  -4155  -7773  -3598  -3018  -2142  -1412    685    474    408    25
     -   -149   -500    233     43   -381    399    106   -626    210   -466   -720    275    394     45     96    359    117   -369   -294   -249 
     -     -5 -14118  -8333   -894  -1115  -1446   -660      *      * 
    26   -424   1096  -5089  -5326   1037  -3033  -6795    731  -4391   1638   3161  -2443  -2746  -3517  -3347  -2038  -1450    664    299    -55    26
     -   -149   -500    233     43   -381    399    106   -626    210   -466   -720    275    394     45     96    359    117   -369   -294   -249 
     -     -7 -14115  -7768   -894  -1115   -768  -1276      *      * 
    27    201  -2408  -1297     76  -1642   -861    322   -803   1547  -1532    338   -158  -2115    606   1193    453    586   -803  -2224   -819    27
     -   -149   -500    233     43   -381    399    106   -626    210   -466   -720    275    394     45     96    359    117   -369   -294   -249 
     -      0 -14111 -15154   -894  -1115   -919  -1086      *      * 
    28    447   -919    210    386  -2304   -356    569  -1884   1263   -685    212    426  -2063     13    652    702    112  -1187  -2991  -4493    28
     -   -149   -500    233     43   -381    399    106   -626    210   -466   -720    275    394     45     96    359    117   -369   -294   -249 
     -      0 -14107 -15149   -894  -1115   -264  -2579      *      * 
    29   -761     21   -663  -1506    876   -882   -367    623    106   1316   1314   -991  -3251    129  -1167   -632    173    178  -2071   -271    29
     -      *      *      *      *      *      *      *      *      *      *      *      *      *      *      *      *      *      *      *      * 
     -      *      *      *      *      *      *      *      *      0 
//
